110011100
110100011
110011101
110100111
110001101
110011011
111001001
111011001
101011110
110011011
111001010
111011010
110111110
111100111
101111100
010000011
110011001
100000110
110011011
111001001
111011001
110011111
111001110
111011111
110110011
110000001
110011110
111001111
110110111
110011101
101111000
011001000
111110110
100100111
101100111
010000100
100011011
110000100
000111000
110010110
111000111
111010101
110111001
101111011
011011110
110010010
100011000
110010111
111000110
111010111
110100001
111110010
110010101
101000110
100010111
111001111
110111011
110011110
111001111
110101011
100100110
110011110
111001110
110101011
100011110
101000111
100110001
110011110
111001111
110100111
111110110
110001000
110000001
000010100
110010110
100010110
101110110
010000010
000010000
110010111
111000111
111000111
110011111
111001110
111011111
110101011
100100110
110011111
111001101
111110111
111000010
100110011
111001010
000010011
101110101
010000010
000010000
110010110
111000111
111000111
110011111
111001110
111011111
110101011
100100110
110011111
111001101
111011101
111110111
111000001
100110001
111001001
110011111
100100011
110011110
111001111
111011101
110100111
110011111
111001110
111011111
100000111
111000110
100110001
110011111
111001110
111011110
110100111
110011101
100100111
101110100
010000101
111001111
111001111
111001101
100110011
110011111
110110011
110011110
110111011
